84 104 101 32 108 97 110 100 32 111 102 32 70 97 101 114 258 187 110 32 105 115 32 105 110 32 116 117 114 109 111 105 108 46 10 
10 
82 101 102 117 103 101 101 115 32 99 114 111 115 115 32 116 104 101 32 119 105 108 100 115 44 32 102 108 101 101 105 110 103 32 116 104 101 32 104 101 108 108 32 116 111 114 110 32 115 116 114 111 110 103 104 111 108 100 32 111 102 32 69 108 116 117 114 101 108 46 32 65 32 118 105 99 105 111 117 115 32 99 117 108 116 32 109 97 114 99 104 101 115 32 97 99 114 111 115 115 32 116 104 101 32 83 119 111 114 100 32 67 111 97 115 116 44 32 117 110 105 116 105 110 103 32 101 118 101 114 121 32 114 97 99 101 32 111 102 32 109 111 110 115 116 101 114 115 32 97 110 100 32 109 101 110 32 117 110 100 101 114 32 116 104 101 32 98 97 110 110 101 114 32 111 102 32 97 32 99 114 121 112 116 105 99 32 103 111 100 32 116 104 101 121 32 99 97 108 108 32 116 104 101 32 65 98 115 111 108 117 116 101 46 32 67 104 97 111 115 32 115 116 114 105 107 101 115 32 97 116 32 70 97 101 114 258 187 110 39 115 32 102 111 117 110 100 97 116 105 111 110 115 44 32 97 110 100 32 110 111 110 101 32 109 97 121 32 101 115 99 97 112 101 32 105 116 115 32 116 97 108 111 110 115 46 10 
10 
78 111 116 32 101 118 101 110 32 121 111 117 46 10 
10 
84 104 101 32 103 114 111 116 101 115 113 117 101 32 110 97 117 116 105 108 111 105 100 32 115 104 105 112 32 97 112 112 101 97 114 115 32 111 117 116 32 111 102 32 110 111 119 104 101 114 101 44 32 98 108 111 116 116 105 110 103 32 111 117 116 32 116 104 101 32 115 117 110 46 32 73 116 115 32 119 114 105 116 104 105 110 103 32 116 101 110 116 97 99 108 101 115 32 115 110 97 116 99 104 32 121 111 117 32 102 114 111 109 32 119 104 101 114 101 32 121 111 117 32 115 116 97 110 100 46 32 84 104 101 32 109 105 110 100 32 102 108 97 121 101 114 115 32 104 97 118 101 32 99 111 109 101 44 32 105 109 112 114 105 115 111 110 105 110 103 32 121 111 117 32 111 110 32 116 104 101 105 114 32 115 104 105 112 44 32 105 110 102 101 99 116 105 110 103 32 121 111 117 32 119 105 116 104 32 116 104 101 105 114 32 104 111 114 114 105 100 32 112 97 114 97 115 105 116 101 46 32 89 111 117 32 119 105 108 108 32 98 101 99 111 109 101 32 111 110 101 32 111 102 32 116 104 101 109 46 10 
10 
66 121 32 102 97 116 101 32 111 114 32 102 111 114 116 117 110 101 44 32 121 111 117 32 115 117 114 118 105 118 101 32 119 104 101 110 32 116 104 101 32 110 97 117 116 105 108 111 105 100 32 99 114 97 115 104 101 115 32 105 110 32 116 104 101 32 83 119 111 114 100 32 67 111 97 115 116 32 111 117 116 108 97 110 100 115 46 32 89 111 117 32 115 101 116 32 111 117 116 32 102 111 114 32 99 105 118 105 108 105 122 97 116 105 111 110 44 32 100 101 115 112 101 114 97 116 101 32 102 111 114 32 97 32 99 117 114 101 32 102 111 114 32 116 104 101 32 112 97 114 97 115 105 116 101 32 102 101 115 116 101 114 105 110 103 32 105 110 32 121 111 117 114 32 98 114 97 105 110 44 32 111 110 108 121 32 116 111 32 116 97 107 101 32 99 101 110 116 101 114 32 115 116 97 103 101 32 105 110 32 97 32 99 111 110 115 112 105 114 97 99 121 32 116 104 97 116 32 114 117 110 115 32 97 115 32 100 101 101 112 32 97 115 32 116 104 101 32 78 105 110 101 32 72 101 108 108 115 46 10 
10 
54 57 32 78 101 119 32 101 110 101 109 105 101 115 32 97 119 97 105 116 46 10 
10 
65 115 32 102 111 114 32 111 108 100 32 102 111 101 115 46 46 46 32 116 104 101 32 115 104 97 100 111 119 115 32 115 116 105 114 46 10 
65 110 100 32 97 108 108 32 114 111 97 100 115 32 108 101 97 100 32 116 111 32 116 104 101 32 108 101 103 101 110 100 97 114 121 32 99 105 116 121 32 111 102 32 66 97 108 100 117 114 39 115 32 71 97 116 101 46 
